'HARD1'
     200
  100000
   34991         1
   34949         1
   34847         1
   34577         1
   34461         1
   34343         1
   34318         1
   34316         1
   34302         1
   34290         1
   34282         1
   34279         1
   34046         1
   33944         1
   33814         1
   33813         1
   33753         1
   33653         1
   33620         1
   33584         1
   33554         1
   33544         1
   33426         1
   33414         1
   33376         1
   33273         1
   33270         1
   33170         1
   33034         1
   33007         1
   32957         1
   32897         1
   32784         1
   32773         1
   32528         1
   32499         1
   32423         1
   32400         1
   32356         1
   32302         1
   32090         1
   31863         1
   31850         1
   31841         1
   31840         1
   31775         1
   31773         1
   31655         1
   31613         1
   31608         1
   31587         1
   31535         1
   31378         1
   31197         1
   31194         1
   31179         1
   30992         1
   30899         1
   30780         1
   30742         1
   30685         1
   30645         1
   30641         1
   30610         1
   30498         1
   30336         1
   30327         1
   30271         1
   30105         1
   29975         1
   29957         1
   29924         1
   29870         1
   29815         1
   29777         1
   29754         1
   29658         1
   29648         1
   29553         1
   29481         1
   29416         1
   29415         1
   29410         1
   29408         1
   29361         1
   29316         1
   29002         1
   28987         1
   28947         1
   28897         1
   28801         1
   28636         1
   28538         1
   28507         1
   28435         1
   28360         1
   28330         1
   28063         1
   28007         1
   27983         1
   27937         1
   27879         1
   27760         1
   27715         1
   27517         1
   27230         1
   27146         1
   27072         1
   27028         1
   26985         1
   26894         1
   26840         1
   26799         1
   26797         1
   26717         1
   26582         1
   26511         1
   26472         1
   26469         1
   26386         1
   26301         1
   26117         1
   26110         1
   26031         1
   26030         1
   25705         1
   25532         1
   25524         1
   25499         1
   25441         1
   25421         1
   25356         1
   25310         1
   25227         1
   25118         1
   25073         1
   24989         1
   24955         1
   24844         1
   24792         1
   24625         1
   24562         1
   24526         1
   24451         1
   24299         1
   24290         1
   23927         1
   23885         1
   23873         1
   23850         1
   23795         1
   23583         1
   23473         1
   23438         1
   23408         1
   23354         1
   23328         1
   23260         1
   23145         1
   23128         1
   22994         1
   22744         1
   22687         1
   22596         1
   22581         1
   22516         1
   22467         1
   22412         1
   22337         1
   22253         1
   22226         1
   22206         1
   22177         1
   22036         1
   21997         1
   21933         1
   21807         1
   21749         1
   21669         1
   21656         1
   21585         1
   21525         1
   21506         1
   21437         1
   21415         1
   21316         1
   21222         1
   21214         1
   21098         1
   20944         1
   20819         1
   20718         1
   20709         1
   20488         1
   20458         1
   20422         1
   20324         1
   20233         1
   20137         1
   20008         1
'HARD2'
     199
  100000
   34953         1
   34942         1
   34849         1
   34732         1
   34683         1
   34640         1
   34590         1
   34446         1
   34315         1
   34314         1
   34236         1
   34088         1
   34060         1
   33942         1
   33861         1
   33858         1
   33811         1
   33800         1
   33764         1
   33725         1
   33709         1
   33475         1
   33415         1
   33402         1
   33367         1
   33286         1
   33280         1
   33093         1
   33083         1
   33047         1
   33005         1
   32966         1
   32931         1
   32906         1
   32787         1
   32731         1
   32716         1
   32708         1
   32670         1
   32651         1
   32621         1
   32560         1
   32555         1
   32544         1
   32387         1
   32363         1
   32186         1
   32143         1
   32094         1
   32072         1
   31982         1
   31912         1
   31830         1
   31759         1
   31646         1
   31641         1
   31548         1
   31505         1
   31411         1
   31408         1
   31383         1
   31192         1
   31155         1
   31153         1
   31083         1
   30955         1
   30726         1
   30648         1
   30531         1
   30528         1
   30369         1
   30250         1
   30226         1
   30165         1
   30111         1
   29999         1
   29973         1
   29899         1
   29787         1
   29512         1
   29509         1
   29501         1
   29429         1
   28933         1
   28887         1
   28882         1
   28849         1
   28841         1
   28823         1
   28595         1
   28497         1
   28486         1
   28399         1
   28269         1
   28099         1
   28021         1
   28006         1
   27873         1
   27850         1
   27672         1
   27670         1
   27607         1
   27402         1
   27317         1
   27290         1
   27211         1
   27163         1
   27104         1
   27052         1
   27012         1
   26866         1
   26786         1
   26656         1
   26598         1
   26477         1
   26474         1
   26470         1
   26411         1
   26397         1
   26352         1
   26176         1
   26155         1
   26076         1
   26019         1
   25983         1
   25932         1
   25802         1
   25702         1
   25474         1
   25412         1
   25279         1
   25253         1
   25192         1
   25058         1
   25039         1
   24864         1
   24654         1
   24595         1
   24508         1
   24497         1
   24496         1
   24376         1
   24345         1
   24324         1
   24250         1
   24202         1
   24093         1
   24069         1
   23977         1
   23833         1
   23793         1
   23758         1
   23407         1
   23207         1
   23152         1
   23080         1
   23023         1
   22961         1
   22772         1
   22764         1
   22743         1
   22739         1
   22695         1
   22660         1
   22655         1
   22649         1
   22587         1
   22582         1
   22579         2
   22576         1
   22572         1
   22467         1
   22412         1
   22346         1
   22284         1
   22190         1
   21694         1
   21671         1
   21599         1
   21567         1
   21546         1
   21502         1
   21499         1
   21459         1
   21338         1
   21299         1
   21148         1
   21132         1
   21004         1
   20926         1
   20822         1
   20818         1
   20701         1
   20654         1
   20643         1
   20633         1
   20474         1
   20396         1
   20009         1
'HARD3'
     197
  100000
   34746         1
   34740         1
   34738         1
   34679         1
   34566         2
   34437         1
   34404         1
   34037         1
   33786         1
   33749         1
   33609         1
   33606         1
   33587         1
   33508         1
   33490         1
   33363         1
   33346         1
   33279         1
   33269         1
   33211         1
   33145         1
   33032         1
   33000         1
   32818         1
   32811         1
   32703         1
   32481         1
   32478         1
   32414         1
   32307         1
   32032         1
   32009         1
   31971         1
   31940         1
   31937         1
   31851         1
   31751         1
   31678         1
   31598         1
   31575         1
   31503         1
   31491         1
   31462         1
   31449         1
   31414         1
   31299         1
   31232         1
   31037         1
   31025         1
   30940         1
   30934         1
   30865         1
   30720         1
   30704         1
   30677         1
   30499         1
   30394         1
   30265         1
   30264         1
   30249         1
   30188         1
   29896         1
   29750         2
   29623         1
   29553         1
   29435         1
   29404         1
   29376         1
   29288         1
   29280         1
   29216         1
   29162         1
   29068         1
   29036         1
   29022         1
   28885         1
   28758         1
   28746         1
   28566         1
   28462         1
   28308         1
   28077         1
   27961         1
   27896         1
   27800         1
   27680         1
   27509         2
   27504         1
   27482         1
   27474         1
   27402         1
   27327         1
   27302         1
   27299         1
   27237         1
   27205         1
   27169         1
   27019         1
   27008         1
   26993         1
   26946         1
   26737         1
   26667         1
   26663         1
   26635         1
   26506         1
   26375         1
   26310         1
   26229         1
   26132         1
   26075         1
   26036         1
   26011         1
   25993         1
   25726         1
   25604         1
   25579         1
   25501         1
   25466         1
   25454         1
   25349         1
   25296         1
   25225         1
   25143         1
   25050         1
   25028         1
   24838         1
   24796         1
   24724         1
   24688         1
   24585         1
   24518         1
   24458         1
   24451         1
   24312         1
   24256         1
   24239         1
   24212         1
   24175         1
   23857         1
   23791         1
   23680         1
   23452         1
   23406         1
   23405         1
   23369         1
   23367         1
   23346         1
   23336         1
   23290         1
   23174         1
   23096         1
   23070         1
   23057         1
   22950         1
   22917         1
   22896         1
   22893         1
   22823         1
   22781         1
   22678         1
   22352         1
   22351         1
   22308         1
   22268         1
   22220         1
   22217         1
   22195         1
   22097         1
   22063         1
   22036         1
   21965         1
   21856         1
   21751         1
   21615         1
   21613         1
   21585         1
   21415         1
   21346         1
   21328         1
   21310         1
   21299         1
   21269         1
   21267         1
   21117         1
   20919         1
   20903         1
   20847         1
   20778         1
   20773         1
   20740         1
   20664         1
   20633         1
   20600         1
   20530         1
   20423         1
   20033         1
'HARD4'
     198
  100000
   35000         1
   34970         1
   34839         1
   34733         1
   34369         1
   34328         1
   34237         1
   34229         1
   34225         1
   34197         1
   34154         1
   34002         1
   33988         1
   33977         1
   33958         1
   33934         1
   33891         1
   33839         1
   33471         1
   33218         1
   33149         1
   32979         1
   32940         1
   32936         1
   32912         1
   32902         1
   32900         1
   32885         1
   32802         3
   32708         1
   32637         1
   32415         1
   32403         1
   32200         1
   32110         1
   32068         1
   32067         1
   32058         1
   31950         1
   31946         1
   31923         1
   31919         1
   31690         1
   31624         1
   31562         1
   31482         1
   31475         1
   31450         1
   31432         1
   31405         1
   31363         1
   31187         1
   31107         1
   31088         1
   30940         1
   30873         1
   30866         1
   30750         1
   30538         1
   30527         1
   30497         1
   30370         1
   30347         1
   30290         1
   30156         1
   30140         1
   30118         1
   30051         1
   29845         1
   29750         1
   29654         1
   29646         1
   29552         1
   29512         1
   29415         1
   29403         1
   29382         1
   29300         1
   29271         1
   29151         1
   29131         1
   28998         1
   28951         1
   28937         1
   28867         1
   28821         1
   28820         1
   28724         1
   28696         1
   28489         1
   28380         1
   28267         1
   28252         1
   28225         1
   28223         1
   28105         1
   28104         1
   28044         1
   27900         1
   27864         1
   27699         1
   27668         1
   27661         1
   27593         1
   27589         1
   27570         1
   27497         1
   27416         1
   27322         1
   27287         1
   27271         1
   27221         1
   26975         1
   26881         1
   26813         1
   26692         1
   26591         1
   26520         1
   26432         1
   26337         1
   26290         1
   26289         1
   26219         1
   25966         1
   25822         1
   25563         1
   25546         1
   25461         1
   25442         1
   25361         1
   25356         1
   25281         1
   25259         1
   25122         1
   25078         1
   25024         1
   24793         1
   24790         1
   24789         1
   24721         1
   24714         1
   24424         1
   24413         1
   24341         1
   24325         1
   24234         1
   24198         1
   24149         1
   24092         1
   23920         1
   23907         1
   23864         1
   23811         1
   23799         1
   23781         1
   23671         1
   23662         1
   23493         1
   23299         1
   23206         1
   23162         1
   23139         1
   23119         1
   23013         1
   22984         1
   22983         1
   22872         1
   22846         1
   22771         1
   22533         1
   22467         1
   22246         1
   22237         1
   22217         1
   22166         1
   22143         1
   22140         1
   22095         1
   22045         1
   21930         1
   21774         1
   21753         1
   21744         1
   21500         1
   21369         1
   21289         1
   20986         1
   20971         1
   20920         1
   20899         1
   20897         1
   20892         1
   20788         1
   20774         1
   20738         1
   20368         1
   20299         1
   20139         1
'HARD5'
     199
  100000
   34955         1
   34773         1
   34641         1
   34529         1
   34478         1
   34453         1
   34441         1
   34399         1
   34131         1
   34102         1
   33996         1
   33978         1
   33732         1
   33523         1
   33445         1
   33437         1
   33428         1
   33386         1
   33338         1
   33183         1
   33140         1
   33108         1
   33076         1
   33005         1
   32986         1
   32984         1
   32859         1
   32819         1
   32749         1
   32681         1
   32620         1
   32582         1
   32504         1
   32425         1
   32417         1
   31766         1
   31717         1
   31699         1
   31648         1
   31566         1
   31505         1
   31373         1
   31355         1
   31273         1
   31264         1
   31216         1
   31064         1
   31008         1
   30918         1
   30905         1
   30751         1
   30724         1
   30707         1
   30689         1
   30617         1
   30592         1
   30519         1
   30459         1
   30315         1
   30297         1
   30279         1
   30246         2
   30148         1
   30138         1
   30069         1
   29962         1
   29899         1
   29898         1
   29737         1
   29735         1
   29626         1
   29590         1
   29495         1
   29434         1
   29159         1
   29063         1
   28917         1
   28862         1
   28709         1
   28678         1
   28524         1
   28426         1
   28296         1
   28231         1
   28213         1
   28210         1
   28198         1
   27960         1
   27628         1
   27622         1
   27502         1
   27473         1
   27345         1
   27330         1
   27323         1
   27301         1
   27240         1
   27120         1
   27090         1
   27015         1
   26845         1
   26839         1
   26828         1
   26636         1
   26607         1
   26570         1
   26554         1
   26311         1
   26308         1
   26270         1
   26225         1
   26219         1
   26211         1
   26088         1
   26067         1
   26060         1
   25994         1
   25942         1
   25920         1
   25916         1
   25866         1
   25827         1
   25735         1
   25600         1
   25561         1
   25504         1
   25443         1
   25437         1
   25380         1
   25097         1
   25077         1
   25071         1
   25054         1
   25037         1
   24941         1
   24933         1
   24871         1
   24843         1
   24788         1
   24751         1
   24720         1
   24594         1
   24565         1
   24361         1
   24312         1
   24168         1
   24153         1
   24152         1
   24145         1
   24109         1
   24088         1
   23852         1
   23829         1
   23766         1
   23654         1
   23630         1
   23572         1
   23482         1
   23379         1
   23172         1
   23012         1
   22937         1
   22936         1
   22897         1
   22887         1
   22886         1
   22876         1
   22689         1
   22673         1
   22670         1
   22542         1
   22345         1
   22262         1
   22199         1
   22131         1
   22109         1
   22095         1
   21958         1
   21712         1
   21642         1
   21440         1
   21345         1
   21296         1
   21156         1
   21147         1
   21122         1
   21048         1
   21036         1
   21031         1
   21021         1
   20960         1
   20812         1
   20646         1
   20500         1
   20443         1
   20409         1
   20385         1
   20382         1
   20000         1
'HARD6'
     199
  100000
   34973         1
   34910         1
   34885         1
   34807         1
   34720         1
   34655         1
   34630         1
   34613         1
   34536         1
   34230         1
   34226         1
   34172         1
   34069         2
   34066         1
   33902         1
   33843         1
   33761         1
   33637         1
   33632         1
   33429         1
   33351         1
   33343         1
   33303         1
   33300         1
   33259         1
   33070         1
   33045         1
   33022         1
   32986         1
   32881         1
   32785         1
   32759         1
   32649         1
   32583         1
   32560         1
   32558         1
   32545         1
   32380         1
   32332         1
   32297         1
   32113         1
   32077         1
   31943         1
   31916         1
   31787         1
   31770         1
   31719         1
   31718         1
   31701         1
   31652         1
   31641         1
   31470         1
   31269         1
   31227         1
   31138         1
   31006         1
   30831         1
   30828         1
   30814         1
   30582         1
   30580         1
   30561         1
   30379         1
   30371         1
   30339         1
   30150         1
   30125         1
   30104         1
   30098         1
   30075         1
   30039         1
   29907         1
   29860         1
   29627         1
   29547         1
   29532         1
   29516         1
   29404         1
   29313         1
   29268         1
   29186         1
   29179         1
   29139         1
   29051         1
   28932         1
   28820         1
   28716         1
   28692         1
   28436         1
   28360         1
   28321         1
   28298         1
   28086         1
   27954         1
   27911         1
   27758         1
   27642         1
   27627         1
   27616         1
   27464         1
   27393         1
   27334         1
   27321         1
   27202         1
   27080         1
   27032         1
   26978         1
   26794         1
   26705         1
   26671         1
   26630         1
   26449         1
   26409         1
   26354         1
   26345         1
   26307         1
   26278         1
   26192         1
   26188         1
   26112         1
   26014         1
   25959         1
   25808         1
   25806         1
   25741         1
   25655         1
   25640         1
   25611         1
   25609         1
   25491         1
   25344         1
   25233         1
   25134         1
   25028         1
   24967         1
   24931         1
   24870         1
   24584         1
   24512         1
   24507         1
   24476         1
   24424         1
   24413         1
   24382         1
   24363         1
   24356         1
   24200         1
   24129         1
   24089         1
   24064         1
   24043         1
   23991         1
   23866         1
   23765         1
   23632         1
   23595         1
   23547         1
   23483         1
   23378         1
   23335         1
   23324         1
   23302         1
   23232         1
   23224         1
   23147         1
   23088         1
   22948         1
   22922         1
   22886         1
   22778         1
   22618         1
   22513         1
   22487         1
   22450         1
   22433         1
   22345         1
   22237         1
   22232         1
   22149         1
   22041         1
   21753         1
   21720         1
   21711         1
   21649         1
   21634         1
   21577         1
   21473         1
   21472         1
   20895         1
   20817         1
   20619         1
   20613         1
   20598         1
   20565         1
   20433         1
   20395         1
   20348         1
   20081         1
   20050         1
'HARD7'
     200
  100000
   34808         1
   34689         1
   34603         1
   34583         1
   34336         1
   34297         1
   34244         1
   34192         1
   34092         1
   34045         1
   34030         1
   33976         1
   33959         1
   33872         1
   33820         1
   33736         1
   33641         1
   33592         1
   33405         1
   33362         1
   33333         1
   33299         1
   33253         1
   33242         1
   33223         1
   33120         1
   33093         1
   33067         1
   32733         1
   32256         1
   32193         1
   32094         1
   32003         1
   31894         1
   31788         1
   31746         1
   31734         1
   31720         1
   31675         1
   31651         1
   31648         1
   31618         1
   31611         1
   31599         1
   31598         1
   31312         1
   31095         1
   31062         1
   30853         1
   30793         1
   30691         1
   30599         1
   30567         1
   30537         1
   30462         1
   30436         1
   30264         1
   30246         1
   30218         1
   30053         1
   30037         1
   29942         1
   29941         1
   29879         1
   29779         1
   29746         1
   29688         1
   29682         1
   29641         1
   29633         1
   29563         1
   29462         1
   29461         1
   29450         1
   29356         1
   29299         1
   29288         1
   29280         1
   29235         1
   29169         1
   29129         1
   28955         1
   28954         1
   28671         1
   28437         1
   28336         1
   28269         1
   28200         1
   28000         1
   27973         1
   27968         1
   27914         1
   27885         1
   27759         1
   27741         1
   27653         1
   27567         1
   27563         1
   26904         1
   26550         1
   26402         1
   26366         1
   26361         1
   26348         1
   26225         1
   26139         1
   26108         1
   25991         1
   25718         1
   25683         1
   25639         1
   25462         1
   25290         1
   25228         1
   25136         1
   25043         1
   25038         1
   24962         1
   24892         1
   24823         1
   24803         1
   24768         1
   24621         1
   24559         1
   24441         1
   24419         1
   24381         1
   24250         1
   24235         1
   24093         1
   24083         1
   24065         1
   24060         1
   23974         1
   23868         1
   23833         1
   23636         1
   23633         1
   23581         1
   23523         1
   23445         1
   23413         1
   23317         1
   23202         1
   23160         1
   23150         1
   23117         1
   22977         1
   22959         1
   22955         1
   22947         1
   22915         1
   22833         1
   22755         1
   22739         1
   22603         1
   22592         1
   22557         1
   22554         1
   22530         1
   22354         1
   22313         1
   22306         1
   22095         1
   22092         1
   22021         1
   21948         1
   21934         1
   21913         1
   21855         1
   21594         1
   21564         1
   21543         1
   21518         1
   21440         1
   21389         1
   21370         1
   21205         1
   21174         1
   21027         1
   20984         1
   20969         1
   20932         1
   20900         1
   20844         1
   20816         1
   20721         1
   20694         1
   20584         1
   20533         1
   20490         1
   20476         1
   20343         1
   20332         1
   20260         1
   20173         1
   20162         1
   20157         1
   20131         1
   20017         1
'HARD8'
     199
  100000
   34992         1
   34948         1
   34868         1
   34591         1
   34582         1
   34127         1
   34077         1
   34055         1
   34007         1
   34004         1
   33990         1
   33918         1
   33813         1
   33780         1
   33756         1
   33744         1
   33700         1
   33659         1
   33496         1
   33484         1
   33443         1
   33428         1
   33369         1
   33354         1
   33347         1
   33191         1
   33185         1
   33162         1
   33110         1
   32988         1
   32968         1
   32879         1
   32846         1
   32797         1
   32708         1
   32656         1
   32584         1
   32486         1
   32466         1
   32456         1
   32440         1
   32390         1
   32373         1
   32353         1
   32352         1
   32282         1
   32187         1
   32111         1
   32097         1
   32084         1
   32017         1
   31990         1
   31917         1
   31880         1
   31817         1
   31752         1
   31540         1
   31528         1
   31471         1
   31309         1
   31267         1
   31232         1
   31204         1
   30773         1
   30703         1
   30552         1
   30549         1
   30515         1
   30305         1
   30221         1
   30162         1
   30115         1
   30107         1
   30072         1
   30010         1
   29972         1
   29704         1
   29550         1
   29547         2
   29457         1
   29418         1
   29325         1
   29226         1
   29155         1
   29034         1
   28859         1
   28837         1
   28652         1
   28535         1
   28502         1
   28423         1
   28421         1
   28388         1
   28386         1
   28348         1
   27930         1
   27919         1
   27793         1
   27703         1
   27669         1
   27365         1
   27266         1
   27096         1
   26928         1
   26868         1
   26848         1
   26677         1
   26676         1
   26673         1
   26658         1
   26559         1
   26507         1
   26476         1
   26424         1
   26421         1
   26320         1
   26251         1
   26224         1
   26214         1
   26128         1
   25943         1
   25900         1
   25879         1
   25852         1
   25821         1
   25720         1
   25655         1
   25625         1
   25495         1
   25455         1
   25174         1
   25150         1
   25104         1
   25028         1
   24917         1
   24898         1
   24860         1
   24813         1
   24682         1
   24659         1
   24475         1
   24370         1
   24301         1
   24283         1
   24273         1
   24251         1
   24230         1
   24199         1
   24088         1
   24086         1
   24084         1
   24023         1
   23947         1
   23872         1
   23736         1
   23725         1
   23609         1
   23562         1
   23515         1
   23453         1
   23414         1
   23235         1
   23078         1
   23036         1
   22937         1
   22932         1
   22897         1
   22826         1
   22680         1
   22664         1
   22646         1
   22523         1
   22404         1
   22287         1
   22240         1
   22151         1
   21978         1
   21963         1
   21921         1
   21866         1
   21747         1
   21655         1
   21560         1
   21464         1
   21403         1
   21046         1
   21041         1
   21020         1
   20796         1
   20778         1
   20774         1
   20622         1
   20603         1
   20410         1
   20371         1
   20248         1
   20236         1
   20146         1
   20091         1
'HARD9'
     200
  100000
   34991         1
   34941         1
   34922         1
   34866         1
   34849         1
   34771         1
   34768         1
   34748         1
   34544         1
   34358         1
   34254         1
   34155         1
   34098         1
   34076         1
   34055         1
   34048         1
   34029         1
   33990         1
   33871         1
   33780         1
   33750         1
   33654         1
   33612         1
   33581         1
   33430         1
   33260         1
   33197         1
   33155         1
   33115         1
   33007         1
   32989         1
   32795         1
   32708         1
   32394         1
   32384         1
   32309         1
   32193         1
   32039         1
   32038         1
   32008         1
   31995         1
   31961         1
   31946         1
   31865         1
   31839         1
   31829         1
   31692         1
   31633         1
   31354         1
   31169         1
   31141         1
   31006         1
   30929         1
   30843         1
   30842         1
   30807         1
   30741         1
   30514         1
   30395         1
   30387         1
   30341         1
   30296         1
   30287         1
   30284         1
   30140         1
   30135         1
   30063         1
   29975         1
   29933         1
   29859         1
   29735         1
   29730         1
   29703         1
   29525         1
   29518         1
   29423         1
   29378         1
   29234         1
   29218         1
   29178         1
   29092         1
   29089         1
   28947         1
   28647         1
   28574         1
   28550         1
   28547         1
   28471         1
   28461         1
   28299         1
   28267         1
   28252         1
   28251         1
   28159         1
   28009         1
   28003         1
   27967         1
   27852         1
   27811         1
   27664         1
   27508         1
   27413         1
   27409         1
   27184         1
   27162         1
   27113         1
   27099         1
   27048         1
   27041         1
   26733         1
   26506         1
   26362         1
   26183         1
   25997         1
   25976         1
   25897         1
   25856         1
   25784         1
   25700         1
   25668         1
   25641         1
   25522         1
   25490         1
   25433         1
   25408         1
   25322         1
   25299         1
   25237         1
   25091         1
   25057         1
   25015         1
   24990         1
   24974         1
   24939         1
   24834         1
   24777         1
   24743         1
   24625         1
   24555         1
   24449         1
   24367         1
   24340         1
   24329         1
   24126         1
   24085         1
   24050         1
   24020         1
   23999         1
   23989         1
   23974         1
   23928         1
   23837         1
   23836         1
   23565         1
   23491         1
   23422         1
   23417         1
   23205         1
   23195         1
   23156         1
   23092         1
   22712         1
   22644         1
   22417         1
   22392         1
   22281         1
   22239         1
   22212         1
   22067         1
   22045         1
   22042         1
   22003         1
   21866         1
   21851         1
   21849         1
   21713         1
   21674         1
   21608         1
   21607         1
   21594         1
   21401         1
   21296         1
   21239         1
   21180         1
   21128         1
   21059         1
   20954         1
   20948         1
   20947         1
   20813         1
   20755         1
   20725         1
   20693         1
   20585         1
   20513         1
   20431         1
   20338         1
   20310         1
   20296         1
   20081         1
'HARD0'
     199
  100000
   34978         1
   34849         1
   34703         1
   34608         1
   34598         1
   34524         1
   34356         1
   34308         1
   34069         1
   34049         1
   33895         1
   33842         1
   33806         1
   33738         1
   33716         1
   33590         1
   33546         1
   33507         1
   33468         1
   33465         1
   33383         1
   33190         1
   33075         1
   32976         1
   32897         1
   32762         1
   32696         1
   32638         1
   32553         1
   32398         1
   32230         1
   32176         1
   31967         1
   31954         1
   31903         1
   31782         1
   31724         1
   31686         1
   31597         1
   31561         1
   31532         1
   31499         1
   31346         1
   30943         1
   30915         1
   30869         1
   30766         1
   30683         1
   30678         1
   30644         1
   30559         1
   30448         1
   30315         1
   30238         1
   30125         1
   29974         1
   29947         1
   29890         1
   29886         1
   29858         1
   29856         1
   29783         1
   29697         1
   29438         1
   29427         1
   29301         1
   29174         1
   29173         1
   29123         1
   29117         1
   29116         1
   29095         1
   29094         1
   29063         1
   29041         1
   29038         1
   28977         1
   28946         1
   28921         1
   28910         1
   28842         1
   28703         1
   28360         1
   28350         1
   28305         1
   28302         1
   28225         1
   28160         1
   28094         1
   28040         1
   28020         1
   27901         1
   27775         1
   27765         1
   27688         1
   27439         1
   27425         1
   27394         1
   27365         1
   27349         1
   27284         1
   27180         1
   26935         1
   26881         1
   26867         1
   26795         1
   26703         1
   26651         1
   26550         1
   26432         1
   26375         1
   26368         1
   26244         1
   26204         1
   26192         1
   26181         1
   26158         1
   26133         1
   26067         1
   25945         1
   25906         1
   25759         1
   25698         1
   25688         1
   25652         1
   25615         1
   25530         1
   25528         1
   25366         1
   25324         1
   25273         1
   25142         1
   24852         1
   24846         1
   24658         1
   24592         1
   24564         1
   24463         1
   24457         1
   24374         1
   24359         1
   24332         1
   23987         1
   23956         1
   23952         1
   23932         1
   23895         1
   23837         1
   23795         1
   23774         1
   23663         1
   23621         1
   23502         1
   23453         1
   23430         1
   23366         1
   23178         1
   23090         1
   22991         1
   22942         1
   22743         1
   22442         1
   22432         1
   22415         1
   22338         1
   22134         1
   22081         1
   22014         1
   21950         1
   21948         1
   21796         1
   21784         1
   21727         1
   21722         1
   21557         1
   21498         1
   21480         1
   21315         1
   21193         1
   21127         1
   21060         1
   20997         1
   20837         1
   20813         1
   20693         2
   20686         1
   20677         1
   20676         1
   20664         1
   20663         1
   20634         1
   20616         1
   20570         1
   20566         1
   20496         1
   20441         1
   20307         1
   20226         1
   20114         1
